0 65
0 71
0 37
0 73
0 61
1 31
2 92
2 76
3 11
3 91
3 89
3 27
3 92
3 62
4 64
4 53
4 7
5 42
5 74
5 47
6 11
6 31
7 32
9 22
10 49
10 82
10 68
10 93
11 72
11 53
11 24
11 57
13 32
13 27
13 29
14 36
14 47
15 83
15 67
15 45
16 40
16 19
16 92
18 41
18 78
19 41
19 50
19 59
19 80
22 49
22 29
22 39
23 66
24 94
24 78
25 48
25 68
25 44
25 63
26 89
26 99
26 60
26 45
27 33
27 77
27 47
28 81
28 58
28 67
28 92
29 36
31 42
31 77
32 33
32 45
33 93
34 35
34 70
35 98
36 57
36 42
37 66
37 43
38 50
39 75
39 79
40 51
40 44
40 77
41 64
42 86
43 86
44 81
44 52
44 69
44 60
45 52
45 74
46 99
46 54
46 87
47 97
48 74
50 96
50 83
50 54
50 61
50 95
53 70
55 74
55 67
55 63
56 58
56 70
56 71
57 97
58 63
59 99
60 84
60 61
62 98
62 86
65 74
66 74
68 92
68 95
69 86
70 76
71 94
73 90
77 78
79 92
81 94
90 92
